379520346363
449482
1675
23543454
35262945144
575
1180
74504
1058
18983872
7766
1056230
520128
2167131616
184378
26599060
303
332660900
45472
182860020
513431
8480556
91
8858
444
1226
38394
10878341
958999
87924480
48
217
75577
5453
355
1312
119
75699471
1693
45069234
241893540
1491
4068792
567600
1114
4914768
25408
11062
22134
606056
43946
971889
33050
1055
128
525
2985
127405
5752100560
1460
471
712
1078
1568
910107
3789
18249174
763
1013226
139
47
398476
140
1129468656
2474
159012
15603
8346
724
712350654
2100
6853
1544
68191364
663
2026946
467134789
1434
4077224042
148967182
57859465
61252920
120561
5092
18842130
933
155790
3115653
8640
1683752
31395181
