A:  52884621
B:  0
C:  0
PC: 0
Program: 2, 4, 1, 3, 7, 5, 4, 7, 0, 3, 1, 5, 5, 5, 3, 0, 
Outputs:

A:  52884621
B:  5
C:  0
PC: 2
Program: 2, 4, 1, 3, 7, 5, 4, 7, 0, 3, 1, 5, 5, 5, 3, 0, 
Outputs:

A:  52884621
B:  6
C:  0
PC: 4
Program: 2, 4, 1, 3, 7, 5, 4, 7, 0, 3, 1, 5, 5, 5, 3, 0, 
Outputs:

divC, arg: 5
div 52884621 / 2^6 = 826322
A:  52884621
B:  6
C:  826322
PC: 6
Program: 2, 4, 1, 3, 7, 5, 4, 7, 0, 3, 1, 5, 5, 5, 3, 0, 
Outputs:

A:  52884621
B:  826324
C:  826322
PC: 8
Program: 2, 4, 1, 3, 7, 5, 4, 7, 0, 3, 1, 5, 5, 5, 3, 0, 
Outputs:

divA, arg: 3
div 52884621 / 2^3 = 6610577
A:  6610577
B:  826324
C:  826322
PC: 10
Program: 2, 4, 1, 3, 7, 5, 4, 7, 0, 3, 1, 5, 5, 5, 3, 0, 
Outputs:

A:  6610577
B:  826321
C:  826322
PC: 12
Program: 2, 4, 1, 3, 7, 5, 4, 7, 0, 3, 1, 5, 5, 5, 3, 0, 
Outputs:

A:  6610577
B:  826321
C:  826322
PC: 14
Program: 2, 4, 1, 3, 7, 5, 4, 7, 0, 3, 1, 5, 5, 5, 3, 0, 
Outputs:
1, 
A:  6610577
B:  826321
C:  826322
PC: 0
Program: 2, 4, 1, 3, 7, 5, 4, 7, 0, 3, 1, 5, 5, 5, 3, 0, 
Outputs:
1, 
A:  6610577
B:  1
C:  826322
PC: 2
Program: 2, 4, 1, 3, 7, 5, 4, 7, 0, 3, 1, 5, 5, 5, 3, 0, 
Outputs:
1, 
A:  6610577
B:  2
C:  826322
PC: 4
Program: 2, 4, 1, 3, 7, 5, 4, 7, 0, 3, 1, 5, 5, 5, 3, 0, 
Outputs:
1, 
divC, arg: 5
div 6610577 / 2^2 = 1652644
A:  6610577
B:  2
C:  1652644
PC: 6
Program: 2, 4, 1, 3, 7, 5, 4, 7, 0, 3, 1, 5, 5, 5, 3, 0, 
Outputs:
1, 
A:  6610577
B:  1652646
C:  1652644
PC: 8
Program: 2, 4, 1, 3, 7, 5, 4, 7, 0, 3, 1, 5, 5, 5, 3, 0, 
Outputs:
1, 
divA, arg: 3
div 6610577 / 2^3 = 826322
A:  826322
B:  1652646
C:  1652644
PC: 10
Program: 2, 4, 1, 3, 7, 5, 4, 7, 0, 3, 1, 5, 5, 5, 3, 0, 
Outputs:
1, 
A:  826322
B:  1652643
C:  1652644
PC: 12
Program: 2, 4, 1, 3, 7, 5, 4, 7, 0, 3, 1, 5, 5, 5, 3, 0, 
Outputs:
1, 
A:  826322
B:  1652643
C:  1652644
PC: 14
Program: 2, 4, 1, 3, 7, 5, 4, 7, 0, 3, 1, 5, 5, 5, 3, 0, 
Outputs:
1, 3, 
A:  826322
B:  1652643
C:  1652644
PC: 0
Program: 2, 4, 1, 3, 7, 5, 4, 7, 0, 3, 1, 5, 5, 5, 3, 0, 
Outputs:
1, 3, 
A:  826322
B:  2
C:  1652644
PC: 2
Program: 2, 4, 1, 3, 7, 5, 4, 7, 0, 3, 1, 5, 5, 5, 3, 0, 
Outputs:
1, 3, 
A:  826322
B:  1
C:  1652644
PC: 4
Program: 2, 4, 1, 3, 7, 5, 4, 7, 0, 3, 1, 5, 5, 5, 3, 0, 
Outputs:
1, 3, 
divC, arg: 5
div 826322 / 2^1 = 413161
A:  826322
B:  1
C:  413161
PC: 6
Program: 2, 4, 1, 3, 7, 5, 4, 7, 0, 3, 1, 5, 5, 5, 3, 0, 
Outputs:
1, 3, 
A:  826322
B:  413160
C:  413161
PC: 8
Program: 2, 4, 1, 3, 7, 5, 4, 7, 0, 3, 1, 5, 5, 5, 3, 0, 
Outputs:
1, 3, 
divA, arg: 3
div 826322 / 2^3 = 103290
A:  103290
B:  413160
C:  413161
PC: 10
Program: 2, 4, 1, 3, 7, 5, 4, 7, 0, 3, 1, 5, 5, 5, 3, 0, 
Outputs:
1, 3, 
A:  103290
B:  413165
C:  413161
PC: 12
Program: 2, 4, 1, 3, 7, 5, 4, 7, 0, 3, 1, 5, 5, 5, 3, 0, 
Outputs:
1, 3, 
A:  103290
B:  413165
C:  413161
PC: 14
Program: 2, 4, 1, 3, 7, 5, 4, 7, 0, 3, 1, 5, 5, 5, 3, 0, 
Outputs:
1, 3, 5, 
A:  103290
B:  413165
C:  413161
PC: 0
Program: 2, 4, 1, 3, 7, 5, 4, 7, 0, 3, 1, 5, 5, 5, 3, 0, 
Outputs:
1, 3, 5, 
A:  103290
B:  2
C:  413161
PC: 2
Program: 2, 4, 1, 3, 7, 5, 4, 7, 0, 3, 1, 5, 5, 5, 3, 0, 
Outputs:
1, 3, 5, 
A:  103290
B:  1
C:  413161
PC: 4
Program: 2, 4, 1, 3, 7, 5, 4, 7, 0, 3, 1, 5, 5, 5, 3, 0, 
Outputs:
1, 3, 5, 
divC, arg: 5
div 103290 / 2^1 = 51645
A:  103290
B:  1
C:  51645
PC: 6
Program: 2, 4, 1, 3, 7, 5, 4, 7, 0, 3, 1, 5, 5, 5, 3, 0, 
Outputs:
1, 3, 5, 
A:  103290
B:  51644
C:  51645
PC: 8
Program: 2, 4, 1, 3, 7, 5, 4, 7, 0, 3, 1, 5, 5, 5, 3, 0, 
Outputs:
1, 3, 5, 
divA, arg: 3
div 103290 / 2^3 = 12911
A:  12911
B:  51644
C:  51645
PC: 10
Program: 2, 4, 1, 3, 7, 5, 4, 7, 0, 3, 1, 5, 5, 5, 3, 0, 
Outputs:
1, 3, 5, 
A:  12911
B:  51641
C:  51645
PC: 12
Program: 2, 4, 1, 3, 7, 5, 4, 7, 0, 3, 1, 5, 5, 5, 3, 0, 
Outputs:
1, 3, 5, 
A:  12911
B:  51641
C:  51645
PC: 14
Program: 2, 4, 1, 3, 7, 5, 4, 7, 0, 3, 1, 5, 5, 5, 3, 0, 
Outputs:
1, 3, 5, 1, 
A:  12911
B:  51641
C:  51645
PC: 0
Program: 2, 4, 1, 3, 7, 5, 4, 7, 0, 3, 1, 5, 5, 5, 3, 0, 
Outputs:
1, 3, 5, 1, 
A:  12911
B:  7
C:  51645
PC: 2
Program: 2, 4, 1, 3, 7, 5, 4, 7, 0, 3, 1, 5, 5, 5, 3, 0, 
Outputs:
1, 3, 5, 1, 
A:  12911
B:  4
C:  51645
PC: 4
Program: 2, 4, 1, 3, 7, 5, 4, 7, 0, 3, 1, 5, 5, 5, 3, 0, 
Outputs:
1, 3, 5, 1, 
divC, arg: 5
div 12911 / 2^4 = 806
A:  12911
B:  4
C:  806
PC: 6
Program: 2, 4, 1, 3, 7, 5, 4, 7, 0, 3, 1, 5, 5, 5, 3, 0, 
Outputs:
1, 3, 5, 1, 
A:  12911
B:  802
C:  806
PC: 8
Program: 2, 4, 1, 3, 7, 5, 4, 7, 0, 3, 1, 5, 5, 5, 3, 0, 
Outputs:
1, 3, 5, 1, 
divA, arg: 3
div 12911 / 2^3 = 1613
A:  1613
B:  802
C:  806
PC: 10
Program: 2, 4, 1, 3, 7, 5, 4, 7, 0, 3, 1, 5, 5, 5, 3, 0, 
Outputs:
1, 3, 5, 1, 
A:  1613
B:  807
C:  806
PC: 12
Program: 2, 4, 1, 3, 7, 5, 4, 7, 0, 3, 1, 5, 5, 5, 3, 0, 
Outputs:
1, 3, 5, 1, 
A:  1613
B:  807
C:  806
PC: 14
Program: 2, 4, 1, 3, 7, 5, 4, 7, 0, 3, 1, 5, 5, 5, 3, 0, 
Outputs:
1, 3, 5, 1, 7, 
A:  1613
B:  807
C:  806
PC: 0
Program: 2, 4, 1, 3, 7, 5, 4, 7, 0, 3, 1, 5, 5, 5, 3, 0, 
Outputs:
1, 3, 5, 1, 7, 
A:  1613
B:  5
C:  806
PC: 2
Program: 2, 4, 1, 3, 7, 5, 4, 7, 0, 3, 1, 5, 5, 5, 3, 0, 
Outputs:
1, 3, 5, 1, 7, 
A:  1613
B:  6
C:  806
PC: 4
Program: 2, 4, 1, 3, 7, 5, 4, 7, 0, 3, 1, 5, 5, 5, 3, 0, 
Outputs:
1, 3, 5, 1, 7, 
divC, arg: 5
div 1613 / 2^6 = 25
A:  1613
B:  6
C:  25
PC: 6
Program: 2, 4, 1, 3, 7, 5, 4, 7, 0, 3, 1, 5, 5, 5, 3, 0, 
Outputs:
1, 3, 5, 1, 7, 
A:  1613
B:  31
C:  25
PC: 8
Program: 2, 4, 1, 3, 7, 5, 4, 7, 0, 3, 1, 5, 5, 5, 3, 0, 
Outputs:
1, 3, 5, 1, 7, 
divA, arg: 3
div 1613 / 2^3 = 201
A:  201
B:  31
C:  25
PC: 10
Program: 2, 4, 1, 3, 7, 5, 4, 7, 0, 3, 1, 5, 5, 5, 3, 0, 
Outputs:
1, 3, 5, 1, 7, 
A:  201
B:  26
C:  25
PC: 12
Program: 2, 4, 1, 3, 7, 5, 4, 7, 0, 3, 1, 5, 5, 5, 3, 0, 
Outputs:
1, 3, 5, 1, 7, 
A:  201
B:  26
C:  25
PC: 14
Program: 2, 4, 1, 3, 7, 5, 4, 7, 0, 3, 1, 5, 5, 5, 3, 0, 
Outputs:
1, 3, 5, 1, 7, 2, 
A:  201
B:  26
C:  25
PC: 0
Program: 2, 4, 1, 3, 7, 5, 4, 7, 0, 3, 1, 5, 5, 5, 3, 0, 
Outputs:
1, 3, 5, 1, 7, 2, 
A:  201
B:  1
C:  25
PC: 2
Program: 2, 4, 1, 3, 7, 5, 4, 7, 0, 3, 1, 5, 5, 5, 3, 0, 
Outputs:
1, 3, 5, 1, 7, 2, 
A:  201
B:  2
C:  25
PC: 4
Program: 2, 4, 1, 3, 7, 5, 4, 7, 0, 3, 1, 5, 5, 5, 3, 0, 
Outputs:
1, 3, 5, 1, 7, 2, 
divC, arg: 5
div 201 / 2^2 = 50
A:  201
B:  2
C:  50
PC: 6
Program: 2, 4, 1, 3, 7, 5, 4, 7, 0, 3, 1, 5, 5, 5, 3, 0, 
Outputs:
1, 3, 5, 1, 7, 2, 
A:  201
B:  48
C:  50
PC: 8
Program: 2, 4, 1, 3, 7, 5, 4, 7, 0, 3, 1, 5, 5, 5, 3, 0, 
Outputs:
1, 3, 5, 1, 7, 2, 
divA, arg: 3
div 201 / 2^3 = 25
A:  25
B:  48
C:  50
PC: 10
Program: 2, 4, 1, 3, 7, 5, 4, 7, 0, 3, 1, 5, 5, 5, 3, 0, 
Outputs:
1, 3, 5, 1, 7, 2, 
A:  25
B:  53
C:  50
PC: 12
Program: 2, 4, 1, 3, 7, 5, 4, 7, 0, 3, 1, 5, 5, 5, 3, 0, 
Outputs:
1, 3, 5, 1, 7, 2, 
A:  25
B:  53
C:  50
PC: 14
Program: 2, 4, 1, 3, 7, 5, 4, 7, 0, 3, 1, 5, 5, 5, 3, 0, 
Outputs:
1, 3, 5, 1, 7, 2, 5, 
A:  25
B:  53
C:  50
PC: 0
Program: 2, 4, 1, 3, 7, 5, 4, 7, 0, 3, 1, 5, 5, 5, 3, 0, 
Outputs:
1, 3, 5, 1, 7, 2, 5, 
A:  25
B:  1
C:  50
PC: 2
Program: 2, 4, 1, 3, 7, 5, 4, 7, 0, 3, 1, 5, 5, 5, 3, 0, 
Outputs:
1, 3, 5, 1, 7, 2, 5, 
A:  25
B:  2
C:  50
PC: 4
Program: 2, 4, 1, 3, 7, 5, 4, 7, 0, 3, 1, 5, 5, 5, 3, 0, 
Outputs:
1, 3, 5, 1, 7, 2, 5, 
divC, arg: 5
div 25 / 2^2 = 6
A:  25
B:  2
C:  6
PC: 6
Program: 2, 4, 1, 3, 7, 5, 4, 7, 0, 3, 1, 5, 5, 5, 3, 0, 
Outputs:
1, 3, 5, 1, 7, 2, 5, 
A:  25
B:  4
C:  6
PC: 8
Program: 2, 4, 1, 3, 7, 5, 4, 7, 0, 3, 1, 5, 5, 5, 3, 0, 
Outputs:
1, 3, 5, 1, 7, 2, 5, 
divA, arg: 3
div 25 / 2^3 = 3
A:  3
B:  4
C:  6
PC: 10
Program: 2, 4, 1, 3, 7, 5, 4, 7, 0, 3, 1, 5, 5, 5, 3, 0, 
Outputs:
1, 3, 5, 1, 7, 2, 5, 
A:  3
B:  1
C:  6
PC: 12
Program: 2, 4, 1, 3, 7, 5, 4, 7, 0, 3, 1, 5, 5, 5, 3, 0, 
Outputs:
1, 3, 5, 1, 7, 2, 5, 
A:  3
B:  1
C:  6
PC: 14
Program: 2, 4, 1, 3, 7, 5, 4, 7, 0, 3, 1, 5, 5, 5, 3, 0, 
Outputs:
1, 3, 5, 1, 7, 2, 5, 1, 
A:  3
B:  1
C:  6
PC: 0
Program: 2, 4, 1, 3, 7, 5, 4, 7, 0, 3, 1, 5, 5, 5, 3, 0, 
Outputs:
1, 3, 5, 1, 7, 2, 5, 1, 
A:  3
B:  3
C:  6
PC: 2
Program: 2, 4, 1, 3, 7, 5, 4, 7, 0, 3, 1, 5, 5, 5, 3, 0, 
Outputs:
1, 3, 5, 1, 7, 2, 5, 1, 
A:  3
B:  0
C:  6
PC: 4
Program: 2, 4, 1, 3, 7, 5, 4, 7, 0, 3, 1, 5, 5, 5, 3, 0, 
Outputs:
1, 3, 5, 1, 7, 2, 5, 1, 
divC, arg: 5
div 3 / 2^0 = 3
A:  3
B:  0
C:  3
PC: 6
Program: 2, 4, 1, 3, 7, 5, 4, 7, 0, 3, 1, 5, 5, 5, 3, 0, 
Outputs:
1, 3, 5, 1, 7, 2, 5, 1, 
A:  3
B:  3
C:  3
PC: 8
Program: 2, 4, 1, 3, 7, 5, 4, 7, 0, 3, 1, 5, 5, 5, 3, 0, 
Outputs:
1, 3, 5, 1, 7, 2, 5, 1, 
divA, arg: 3
div 3 / 2^3 = 0
A:  0
B:  3
C:  3
PC: 10
Program: 2, 4, 1, 3, 7, 5, 4, 7, 0, 3, 1, 5, 5, 5, 3, 0, 
Outputs:
1, 3, 5, 1, 7, 2, 5, 1, 
A:  0
B:  6
C:  3
PC: 12
Program: 2, 4, 1, 3, 7, 5, 4, 7, 0, 3, 1, 5, 5, 5, 3, 0, 
Outputs:
1, 3, 5, 1, 7, 2, 5, 1, 
A:  0
B:  6
C:  3
PC: 14
Program: 2, 4, 1, 3, 7, 5, 4, 7, 0, 3, 1, 5, 5, 5, 3, 0, 
Outputs:
1, 3, 5, 1, 7, 2, 5, 1, 6, 
A:  0
B:  6
C:  3
PC: 16
Program: 2, 4, 1, 3, 7, 5, 4, 7, 0, 3, 1, 5, 5, 5, 3, 0, 
Outputs:
1, 3, 5, 1, 7, 2, 5, 1, 6, 
Outputs:
135172516
